"ID","SalePrice"
1461,113776.6953125
1462,168037
1463,184688.515625
1464,197148.4375
1465,175096.484375
1466,173839.09375
1467,184690.578125
1468,159469
1469,195001.25
1470,114980.3203125
1471,200647.390625
1472,91991.265625
1473,89691.71875
1474,147258.140625
1475,104885.8828125
1476,374467.25
1477,264799.96875
1478,286053.65625
1479,270021.5625
1480,459849.65625
1481,310817.15625
1482,201758.953125
1483,178398.0625
1484,169077.390625
1485,181817.53125
1486,190338.578125
1487,311415.71875
1488,229497.140625
1489,196183.125
1490,228398.9375
1491,186427.421875
1492,87514.53125
1493,185065.390625
1494,276076.4375
1495,284110.65625
1496,228645.40625
1497,179819.984375
1498,159794.484375
1499,157106.859375
1500,153016.328125
1501,178355.875
1502,146230.390625
1503,297333.25
1504,231846.828125
1505,222325.625
1506,188566.359375
1507,244762.796875
1508,194580.3125
1509,156521.109375
1510,147182.171875
1511,150238.515625
1512,169292.59375
1513,142477.125
1514,161447.015625
1515,208116.046875
1516,164030
1517,168724.953125
1518,113688.1171875
1519,220753.15625
1520,130521
1521,136852.390625
1522,173179.890625
1523,105721.5859375
1524,131010.7890625
1525,122510
1526,121510.7421875
1527,96302.5703125
1528,131371.34375
1529,146488.09375
1530,184179.734375
1531,104351.4140625
1532,94176.1953125
1533,155855.671875
1534,132773.140625
1535,157957.375
1536,99028.8828125
1537,44979.63671875
1538,155555.4375
1539,203873.09375
1540,104383.5546875
1541,137857.09375
1542,145731.8125
1543,207903
1544,81016.171875
1545,122722.828125
1546,132030.375
1547,138233.546875
1548,138252.203125
1549,117696.65625
1550,129689.2109375
1551,111728.8515625
1552,127154.4453125
1553,144763.859375
1554,116306.8203125
1555,165636.484375
1556,99483.484375
1557,108180.34375
1558,94175.7265625
1559,71517.953125
1560,142062.421875
1561,133600.53125
1562,126697.5546875
1563,121689.140625
1564,161403.671875
1565,156360.6875
1566,228596.140625
1567,63282.140625
1568,232163.921875
1569,112487.1171875
1570,142851.984375
1571,117028.2265625
1572,146827.640625
1573,240011.625
1574,123284.390625
1575,217959.15625
1576,233381.5625
1577,181088.34375
1578,152867.296875
1579,144070.53125
1580,192521
1581,155678.6875
1582,121485.109375
1583,316352.6875
1584,210952.234375
1585,138716.6875
1586,59012.4140625
1587,92631.5625
1588,147323.515625
1589,117815.6328125
1590,133381.796875
1591,82465.921875
1592,117928.6875
1593,120676.6328125
1594,138675.625
1595,99434.4296875
1596,237000.0625
1597,166294.625
1598,210085.75
1599,163125.34375
1600,157861.09375
1601,57133.91015625
1602,106646.3984375
1603,74960.6015625
1604,270437.71875
1605,246752.4375
1606,169208.234375
1607,159107.96875
1608,203292.828125
1609,170320.46875
1610,147406.796875
1611,140789.578125
1612,170978.203125
1613,161635.015625
1614,116211.0859375
1615,92427.71875
1616,65812.609375
1617,86682.5078125
1618,120964.6328125
1619,147135.625
1620,156642.71875
1621,146806.9375
1622,139519.8125
1623,274157.5625
1624,217687.671875
1625,120295.859375
1626,167951.53125
1627,190125.25
1628,285650.5625
1629,174497.578125
1630,384822.5625
1631,200270.84375
1632,239235.3125
1633,169233.609375
1634,181683.921875
1635,177178.8125
1636,156237.265625
1637,194973.859375
1638,198990.25
1639,181449.109375
1640,254223.640625
1641,182837.5625
1642,239699.3125
1643,222489.671875
1644,231226.421875
1645,197800.1875
1646,163704.1875
1647,146837.109375
1648,130603.15625
1649,139298.734375
1650,113915.4140625
1651,115846.7109375
1652,92900.7109375
1653,99179.40625
1654,139460.375
1655,137817.40625
1656,137967.265625
1657,140290.1875
1658,139826.15625
1659,114635.7265625
1660,154808.46875
1661,432967.25
1662,401296.625
1663,367355.71875
1664,519879.71875
1665,293124
1666,307312.125
1667,381863.6875
1668,337288.1875
1669,295615.28125
1670,331883.0625
1671,245358.5
1672,433288.78125
1673,281483.90625
1674,238586.5625
1675,191721.953125
1676,194799.046875
1677,217961.5625
1678,504381.40625
1679,361555
1680,344278
1681,251534.8125
1682,285451.6875
1683,187036.96875
1684,173066.859375
1685,169117.96875
1686,176392.96875
1687,169204.390625
1688,184112.578125
1689,186315.578125
1690,189389.5625
1691,181435.703125
1692,258460.09375
1693,161718.890625
1694,176832.671875
1695,162039.21875
1696,253355.671875
1697,165841.203125
1698,342115.5
1699,293016.0625
1700,246559.75
1701,272561.90625
1702,245318.53125
1703,236461.375
1704,293218.5625
1705,232203
1706,460970.5
1707,210503.125
1708,194248.59375
1709,255069.546875
1710,212126.25
1711,256799.109375
1712,256040.953125
1713,260776.21875
1714,219222.5
1715,208121.640625
1716,180256.359375
1717,166247.734375
1718,129603.09375
1719,197794.734375
1720,233984.15625
1721,158593.734375
1722,118938.3515625
1723,150521.765625
1724,191138.34375
1725,225668.75
1726,190085.59375
1727,151955.078125
1728,176403.71875
1729,166260.75
1730,161083.546875
1731,125550.421875
1732,126047.0234375
1733,113230.5546875
1734,117588.59375
1735,128605.546875
1736,109887.1484375
1737,327970.09375
1738,241232.953125
1739,277895.78125
1740,225001.375
1741,185933.078125
1742,175722.625
1743,172108.375
1744,299988.96875
1745,214707.609375
1746,207746.40625
1747,209984.59375
1748,218070.0625
1749,151021.375
1750,136262.375
1751,242108.921875
1752,116196.7578125
1753,149184.0625
1754,197811.796875
1755,176260.421875
1756,132131.015625
1757,120362.3359375
1758,146215.484375
1759,167589.375
1760,161667.765625
1761,154053.765625
1762,176676.046875
1763,169680.359375
1764,112050.484375
1765,179102.40625
1766,174783.28125
1767,219726.0625
1768,139851.296875
1769,173235.28125
1770,154621.796875
1771,128254.5078125
1772,136754.9375
1773,129895.9765625
1774,140040.140625
1775,136100.828125
1776,116178.59375
1777,113392.9375
1778,147164.59375
1779,105276.3125
1780,168157.0625
1781,125487.328125
1782,81488.640625
1783,139822.296875
1784,98180.390625
1785,119589.140625
1786,143701.90625
1787,155989.734375
1788,50859.953125
1789,98384.8671875
1790,56041.69921875
1791,180992.09375
1792,155948.15625
1793,148794.1875
1794,157772.546875
1795,140399.84375
1796,122805.578125
1797,117398.328125
1798,118628.8828125
1799,109734.5078125
1800,120822.640625
1801,126857.1875
1802,133221.65625
1803,148019.28125
1804,144922.953125
1805,137346.375
1806,127939.4765625
1807,127216.1484375
1808,121986.6328125
1809,121911.5234375
1810,124789.0625
1811,106598.984375
1812,94419.9453125
1813,115477.5390625
1814,88591.3046875
1815,38360.98046875
1816,98541.6953125
1817,101918.078125
1818,152815.078125
1819,124003.21875
1820,50497.83203125
1821,117244.859375
1822,148689.59375
1823,34314.15234375
1824,134623.328125
1825,135660.609375
1826,95356.546875
1827,98433.09375
1828,133888.765625
1829,124638.8515625
1830,134585.203125
1831,155738
1832,66248.15625
1833,143411.515625
1834,113610.9453125
1835,117474.4296875
1836,127835.28125
1837,88663.4765625
1838,129793.734375
1839,106292.375
1840,157362.828125
1841,148483.09375
1842,82802.9140625
1843,137270.484375
1844,128581.5625
1845,149389.6875
1846,150425.1875
1847,152817.453125
1848,39326.484375
1849,113121.9765625
1850,117071.59375
1851,155083.96875
1852,122152.515625
1853,129994.640625
1854,168331.109375
1855,167858.8125
1856,217262.796875
1857,148814.703125
1858,133120.296875
1859,111939.125
1860,149593.953125
1861,111618.5859375
1862,282831
1863,268992.75
1864,269035.5625
1865,355884.5
1866,335896.75
1867,221745.796875
1868,311824.34375
1869,206490.890625
1870,227923.421875
1871,235352.59375
1872,173515.46875
1873,248342.921875
1874,146182
1875,202252.671875
1876,196364.6875
1877,213244.34375
1878,196257.5625
1879,127089.65625
1880,137770.140625
1881,233124.953125
1882,249074.875
1883,184836.578125
1884,198574.359375
1885,248450.5
1886,292425.78125
1887,209257.78125
1888,279693.1875
1889,174210.8125
1890,124616.9765625
1891,133286.375
1892,93269
1893,140786.21875
1894,118621.28125
1895,143873.15625
1896,120252.0546875
1897,113514.484375
1898,115183.765625
1899,157056.109375
1900,151763.734375
1901,174836.375
1902,144825.125
1903,213925.65625
1904,148668.078125
1905,196875.34375
1906,171848.875
1907,218594.078125
1908,111322.1171875
1909,134698.046875
1910,121081.328125
1911,206245.953125
1912,318059.40625
1913,135043.5625
1914,78987.015625
1915,339472.28125
1916,50570.453125
1917,255807.328125
1918,144585.65625
1919,178994.25
1920,164277.34375
1921,386458.03125
1922,306223.96875
1923,224615.453125
1924,224359.078125
1925,209568.046875
1926,370715.6875
1927,139374.390625
1928,165559.46875
1929,134353.40625
1930,132253.296875
1931,144296.859375
1932,146945.90625
1933,176372.515625
1934,179289.296875
1935,166028.0625
1936,183527.171875
1937,181458.1875
1938,168290.34375
1939,252626.359375
1940,179467.609375
1941,173166.71875
1942,181532.953125
1943,187444.71875
1944,306299.9375
1945,360086.96875
1946,144110.484375
1947,306654.8125
1948,167511.859375
1949,230199.78125
1950,184845.953125
1951,234210.984375
1952,213869.53125
1953,175091.796875
1954,197120.96875
1955,136777.4375
1956,303117.28125
1957,158325.59375
1958,305039.875
1959,134608.796875
1960,106497.3984375
1961,119194.9140625
1962,93137.0625
1963,106529.9921875
1964,102762.4921875
1965,138478.5625
1966,134209.40625
1967,315918.46875
1968,403987.21875
1969,366398.625
1970,414555.78125
1971,438181.8125
1972,372988.59375
1973,265590.1875
1974,324320.46875
1975,506464.46875
1976,263748.96875
1977,367922.46875
1978,339116.71875
1979,339421.8125
1980,197505.015625
1981,368979.40625
1982,224286.1875
1983,201968.5
1984,153900.6875
1985,213212.609375
1986,197786.390625
1987,155296.859375
1988,171766.359375
1989,186954.328125
1990,205649.859375
1991,223127.453125
1992,212353.96875
1993,166342.703125
1994,231672.328125
1995,177917.546875
1996,262871.21875
1997,300699.15625
1998,331497.96875
1999,253685.921875
2000,299866.1875
2001,267290.6875
2002,241966.890625
2003,251495.609375
2004,288089.625
2005,227082.828125
2006,217813.515625
2007,241682.171875
2008,211073.75
2009,191170.484375
2010,187389.109375
2011,136531.125
2012,168359.640625
2013,172892.28125
2014,185474.984375
2015,201340.90625
2016,187073.34375
2017,192608.203125
2018,123524.859375
2019,133886.703125
2020,108534.375
2021,104998.6875
2022,188392.640625
2023,145754
2024,255882.65625
2025,348069.4375
2026,171833.890625
2027,154428.671875
2028,152331.875
2029,160169.53125
2030,277307.15625
2031,239465.359375
2032,256341.328125
2033,267088.90625
2034,163984.671875
2035,210875.03125
2036,194178.46875
2037,203299.9375
2038,305782.4375
2039,213269.46875
2040,377128.71875
2041,284811.8125
2042,204097.875
2043,171954.125
2044,172761.640625
2045,212860.921875
2046,130925.0234375
2047,142830.171875
2048,134771.390625
2049,127296.0859375
2050,175771.9375
2051,94413.5859375
2052,120387.765625
2053,147341.609375
2054,91433.8046875
2055,161012.46875
2056,143875.59375
2057,109813.25
2058,211633.90625
2059,130331.6796875
2060,161888.4375
2061,170354.359375
2062,128553.5078125
2063,118839.9765625
2064,137178.671875
2065,126180.6875
2066,166227.546875
2067,114200.28125
2068,139021.734375
2069,88002.03125
2070,109875.3984375
2071,91695.6171875
2072,136695.5625
2073,135248.328125
2074,184760.140625
2075,146933.8125
2076,125434.84375
2077,153149.078125
2078,119976.2890625
2079,123797.6875
2080,119893.1015625
2081,121562.15625
2082,132572.484375
2083,140917.546875
2084,108385.8984375
2085,114901.15625
2086,120920.3046875
2087,119239.03125
2088,100270.5078125
2089,66120.8125
2090,120118.28125
2091,117383.75
2092,128133.8984375
2093,127602.7265625
2094,105749.8046875
2095,145218.21875
2096,75636.046875
2097,94397.609375
2098,145766.109375
2099,46900.421875
2100,67710.078125
2101,103906.765625
2102,112736.3125
2103,86227.7109375
2104,131792.359375
2105,127566.6015625
2106,53097.93359375
2107,183159.875
2108,121825.5234375
2109,107911.7578125
2110,130571.03125
2111,139176.15625
2112,142571.625
2113,115365.5625
2114,116537.4921875
2115,157173.015625
2116,113147.1328125
2117,143818.65625
2118,120276.6484375
2119,116582.890625
2120,106656.609375
2121,80421.1953125
2122,116393.25
2123,80525.0234375
2124,170160.171875
2125,114250.90625
2126,149068.609375
2127,154370.203125
2128,132999.484375
2129,90290.46875
2130,137377.875
2131,154061.71875
2132,114935.7890625
2133,120612.3984375
2134,114713.0625
2135,84089.1484375
2136,72106.6640625
2137,116974.9921875
2138,130808.6328125
2139,151775.125
2140,142430.484375
2141,148440.234375
2142,124564.8984375
2143,145715.40625
2144,125742
2145,141785.84375
2146,182284.140625
2147,157195.234375
2148,141636.296875
2149,157078.84375
2150,224416.8125
2151,105469.640625
2152,186033.09375
2153,158273.84375
2154,112109.3046875
2155,147046.78125
2156,252693.125
2157,221077.859375
2158,228411.5625
2159,209164.6875
2160,170401.1875
2161,239801.65625
2162,407767.03125
2163,374373.5
2164,230527.65625
2165,205792.265625
2166,154196.734375
2167,216448.5625
2168,199368.46875
2169,198791.765625
2170,214648.140625
2171,154050.734375
2172,134889.8125
2173,158838.046875
2174,226158.890625
2175,290889.75
2176,311027.15625
2177,236056.125
2178,200554.6875
2179,137628.96875
2180,225348.25
2181,189814.15625
2182,216747.0625
2183,186421.328125
2184,114934.625
2185,118486.3046875
2186,151718.265625
2187,147395.0625
2188,157895.84375
2189,270793.5
2190,76339.890625
2191,77426.2734375
2192,79686.359375
2193,125318.671875
2194,102041.6953125
2195,107885.6328125
2196,99271.1953125
2197,117694.5546875
2198,149852.15625
2199,177857.671875
2200,150830.015625
2201,157748.90625
2202,202019.28125
2203,140947.15625
2204,174793.640625
2205,109758.0703125
2206,140696.03125
2207,195305.234375
2208,251383.921875
2209,216061.328125
2210,119409.8671875
2211,115530.453125
2212,121245.7109375
2213,104592.21875
2214,146618.484375
2215,94300.2890625
2216,139963.5625
2217,57456.1171875
2218,86233.7265625
2219,72824.25
2220,90417.796875
2221,340718.0625
2222,248112.390625
2223,265468.375
2224,200758.140625
2225,120515.875
2226,189555.0625
2227,192753.84375
2228,265532.40625
2229,257947.375
2230,153745.703125
2231,200612.9375
2232,169690.453125
2233,188182.953125
2234,241362.671875
2235,216063.125
2236,274061.625
2237,327490.5
2238,202675.984375
2239,116092.984375
2240,153581.203125
2241,150135.1875
2242,123704.34375
2243,124571.7734375
2244,103174.5390625
2245,98439.625
2246,147855.765625
2247,123260.4375
2248,126144.75
2249,123467.1875
2250,132892.78125
2251,112913.4140625
2252,184615.828125
2253,152527.84375
2254,170918.953125
2255,188004.640625
2256,177774.140625
2257,201040.640625
2258,161427.359375
2259,173222.234375
2260,174080.3125
2261,160986.890625
2262,209742.46875
2263,333247.46875
2264,491208.875
2265,181985.59375
2266,287045.53125
2267,373816.9375
2268,404811.125
2269,157558.296875
2270,195879.578125
2271,213054.75
2272,194401.515625
2273,152511.828125
2274,178166.796875
2275,170578.15625
2276,182339.796875
2277,181056.015625
2278,148383.046875
2279,121169.6875
2280,117534.578125
2281,176607.703125
2282,190140.265625
2283,103750.4375
2284,107880.3046875
2285,141257.640625
2286,122801.71875
2287,372294.75
2288,278296.03125
2289,387108.8125
2290,431728.25
2291,344082.15625
2292,405580.875
2293,513150.78125
2294,372134.71875
2295,491287.78125
2296,290965.90625
2297,327372.8125
2298,314603.375
2299,366690.40625
2300,334693.6875
2301,299524.90625
2302,235627.21875
2303,234729.15625
2304,246555.171875
2305,195972.109375
2306,189712.140625
2307,192856.765625
2308,221093.59375
2309,287341.6875
2310,217939.15625
2311,205572.6875
2312,164734.796875
2313,172719.625
2314,171981.828125
2315,168789.890625
2316,191719.328125
2317,196821.125
2318,169422.90625
2319,174967.015625
2320,178081.84375
2321,250910.25
2322,169018.765625
2323,189554.328125
2324,180410.8125
2325,208261.109375
2326,172423.71875
2327,199419.53125
2328,219635.5
2329,184943.46875
2330,178899.5
2331,353510.71875
2332,415617.6875
2333,326005.28125
2334,246510.921875
2335,269165.1875
2336,332432.65625
2337,209330.953125
2338,283551.84375
2339,218653.3125
2340,424567.34375
2341,215389.703125
2342,239902.46875
2343,228054.6875
2344,224636.734375
2345,245991.1875
2346,213605.03125
2347,201326.5
2348,247293.328125
2349,171558.765625
2350,295717.75
2351,261525.65625
2352,250054.109375
2353,260405.046875
2354,140694.375
2355,140389.75
2356,146507.28125
2357,187124.421875
2358,186867.84375
2359,135253.65625
2360,114087.40625
2361,144841.140625
2362,260672.3125
2363,132736.203125
2364,163381.609375
2365,223647.828125
2366,193275
2367,238088.359375
2368,215052.640625
2369,235681.734375
2370,162996.078125
2371,166082.78125
2372,181063.15625
2373,277700.03125
2374,294553.15625
2375,237291.25
2376,277004.96875
2377,348642.65625
2378,140369.71875
2379,210522.625
2380,144329.703125
2381,169162.53125
2382,192178.90625
2383,203644.921875
2384,249272.875
2385,163184.453125
2386,131767.6875
2387,131933.953125
2388,109663.2265625
2389,130578.125
2390,136133.015625
2391,139126.796875
2392,114556.546875
2393,161316.453125
2394,142992.578125
2395,192526
2396,146444.359375
2397,213431.84375
2398,129019.34375
2399,63201.53515625
2400,62009.9140625
2401,120036.5546875
2402,131434.171875
2403,131338.53125
2404,153702.65625
2405,158695.71875
2406,139399.71875
2407,135326.09375
2408,137971.828125
2409,121309.65625
2410,180374.78125
2411,112014.0703125
2412,150382.078125
2413,126245.8203125
2414,147880.125
2415,118878.6171875
2416,127189.8828125
2417,132987.234375
2418,128081.6953125
2419,120425.7578125
2420,118380.2578125
2421,152478.8125
2422,113111.453125
2423,111602.1015625
2424,153066.3125
2425,197573.375
2426,147410.265625
2427,129929.5
2428,171642.8125
2429,116413.375
2430,134706.375
2431,110004.2421875
2432,142963.953125
2433,135046.90625
2434,135628.28125
2435,158276.234375
2436,96306.953125
2437,99584.1484375
2438,118259.625
2439,100463.234375
2440,122488.484375
2441,104114.6328125
2442,95445.703125
2443,139664.25
2444,123627.1484375
2445,78638.7578125
2446,130166.2421875
2447,178666.109375
2448,130858.4609375
2449,109221.9765625
2450,143202.703125
2451,121383.9375
2452,188094.296875
2453,85639.1796875
2454,125688.1953125
2455,124107.9296875
2456,138393.09375
2457,132864.71875
2458,127985.5703125
2459,109896.640625
2460,132478.484375
2461,130890.8515625
2462,135228.03125
2463,123451.984375
2464,169947.9375
2465,150239.4375
2466,115586.90625
2467,127687.5859375
2468,62799.05078125
2469,65974.03125
2470,189309.09375
2471,211547.40625
2472,162103.1875
2473,119875.3984375
2474,64879.83984375
2475,231380.203125
2476,115139.4375
2477,125365
2478,160128.015625
2479,100407.4140625
2480,154275.53125
2481,124247.0546875
2482,123648.9375
2483,111975.7734375
2484,125266.6328125
2485,126394.1484375
2486,144465.21875
2487,182455.625
2488,151817.265625
2489,149491.078125
2490,150368.296875
2491,103018.671875
2492,177732.75
2493,145099.171875
2494,151272.953125
2495,92100
2496,234922.140625
2497,151652.125
2498,102109.7578125
2499,91388.953125
2500,124459.921875
2501,134585.3125
2502,144042.375
2503,97539.5859375
2504,195586.96875
2505,212999.96875
2506,269516.5625
2507,311441.28125
2508,272301
2509,208781.109375
2510,208763.171875
2511,172217.5625
2512,195508.078125
2513,208249.65625
2514,233483.5625
2515,139696.96875
2516,181352.09375
2517,148257.9375
2518,146400.484375
2519,216000.015625
2520,211622.28125
2521,184317.828125
2522,217138.15625
2523,122653.34375
2524,137021.671875
2525,146463.125
2526,125792.1796875
2527,109063.921875
2528,124691.546875
2529,125040.8125
2530,122702.109375
2531,237913.171875
2532,220412.265625
2533,187042.421875
2534,228617.328125
2535,307739.53125
2536,234358.046875
2537,236032.296875
2538,170294.171875
2539,186561.921875
2540,178890.453125
2541,175719.875
2542,164778
2543,125979.5859375
2544,127901.8203125
2545,129793.25
2546,131765.703125
2547,141199.921875
2548,150958.234375
2549,160051.09375
2550,751348.625
2551,139815.390625
2552,139268.96875
2553,74330.3515625
2554,107265.9453125
2555,112393.7734375
2556,98382.7109375
2557,102190.5703125
2558,181740.375
2559,136057.265625
2560,151876.203125
2561,155225.5
2562,146479.40625
2563,157216.59375
2564,184477.21875
2565,138180.015625
2566,160514.53125
2567,138845.296875
2568,211055.078125
2569,218039.109375
2570,121566.546875
2571,174312.671875
2572,143569.625
2573,221248.8125
2574,269361.0625
2575,130270.7890625
2576,120005.5
2577,147187.296875
2578,85527.1875
2579,51976.7421875
2580,117754.109375
2581,132832.578125
2582,141784.921875
2583,305287.5625
2584,177956.1875
2585,191459.109375
2586,208745.390625
2587,194952.359375
2588,137152.65625
2589,153741.921875
2590,212010.5625
2591,228064.515625
2592,211216.078125
2593,256765.40625
2594,168832.453125
2595,195288.875
2596,317529.125
2597,181435.171875
2598,270623.40625
2599,354891.90625
2600,156025.515625
2601,136874.40625
2602,73032.109375
2603,88227.21875
2604,83627.59375
2605,69443.1875
2606,147868.1875
2607,209584.671875
2608,207996.8125
2609,171642.765625
2610,112692.28125
2611,137360.90625
2612,156023.328125
2613,137983.53125
2614,120975.859375
2615,154806.59375
2616,148915.453125
2617,186693.8125
2618,224474.6875
2619,195381.109375
2620,182396.0625
2621,174211.0625
2622,180313.390625
2623,242185.75
2624,271145.21875
2625,306927.40625
2626,172226
2627,147348.75
2628,450288.4375
2629,501913.46875
2630,361310.4375
2631,471114.375
2632,411252.09375
2633,306246.84375
2634,377961.84375
2635,157259.40625
2636,170650.8125
2637,169017.625
2638,265813.8125
2639,180721.171875
2640,152583.4375
2641,99075.46875
2642,192524.390625
2643,99404.328125
2644,126228.984375
2645,106785.6015625
2646,89252.3984375
2647,100876.8515625
2648,138598.703125
2649,151361.4375
2650,132429.578125
2651,135455.09375
2652,407474.5625
2653,245335.109375
2654,242401.09375
2655,355548.5
2656,335960.1875
2657,371951.90625
2658,291052.34375
2659,303500.40625
2660,362135.9375
2661,381029.84375
2662,336739
2663,281792.90625
2664,272537.9375
2665,347863.59375
2666,304270.375
2667,165069.703125
2668,172137.1875
2669,179634.9375
2670,289606.8125
2671,175838.203125
2672,193595.8125
2673,208845.296875
2674,199455.328125
2675,164357.953125
2676,183993.765625
2677,193080.5625
2678,250013.8125
2679,272758.96875
2680,289299.6875
2681,423657.40625
2682,328294.40625
2683,471324.96875
2684,313806.09375
2685,317871.84375
2686,246176.765625
2687,340019.1875
2688,223060.390625
2689,210645.453125
2690,435445.875
2691,194204.75
2692,133224.5
2693,201047.921875
2694,132264.65625
2695,180100.71875
2696,176587.453125
2697,180438.5625
2698,186205.546875
2699,174336.765625
2700,152206.71875
2701,150279.78125
2702,105418.625
2703,115724.3984375
2704,147006.8125
2705,114036.1171875
2706,110972.3828125
2707,124149.65625
2708,133232.53125
2709,108335.8984375
2710,124598.53125
2711,273007
2712,390925.03125
2713,167762.8125
2714,150636.578125
2715,170002.71875
2716,143977.875
2717,206374.96875
2718,220835.5625
2719,154575.109375
2720,164554.421875
2721,136062.296875
2722,150959.3125
2723,142366.40625
2724,115840.7109375
2725,128026.21875
2726,152785.1875
2727,189234.46875
2728,166376
2729,148271.140625
2730,150471.828125
2731,127487.7265625
2732,131740.46875
2733,163814.65625
2734,146980.5
2735,131741.171875
2736,147004.78125
2737,118880.109375
2738,122477.7421875
2739,155188.234375
2740,144365.28125
2741,141526.890625
2742,149065.3125
2743,149919.34375
2744,156023.75
2745,150277.5
2746,134033.203125
2747,141103.90625
2748,127712.7109375
2749,121490.3125
2750,135396.59375
2751,132204.875
2752,210422.84375
2753,149266.359375
2754,223530.375
2755,123570.2109375
2756,95556.34375
2757,52400.1796875
2758,88889.96875
2759,148311.96875
2760,115077.65625
2761,143838.90625
2762,141929.90625
2763,175945.234375
2764,140474.609375
2765,280664.9375
2766,133685.75
2767,83326.6875
2768,130151.9921875
2769,124439.078125
2770,139961.34375
2771,102524.5859375
2772,105142.015625
2773,150796.65625
2774,141650.625
2775,117762.0625
2776,134379.984375
2777,130251.0546875
2778,112951.09375
2779,119255.5546875
2780,99640.890625
2781,91690.703125
2782,89339.9296875
2783,87746.1875
2784,123410.421875
2785,134566.828125
2786,53960.05859375
2787,121836.15625
2788,62829.515625
2789,152308.5
2790,98889.6953125
2791,110395.8984375
2792,71786.671875
2793,168004.5625
2794,95623.578125
2795,125721
2796,90344.8125
2797,198873.34375
2798,104685.7890625
2799,117617.0078125
2800,54950.2578125
2801,106076.921875
2802,119892.6015625
2803,156884.8125
2804,143625.875
2805,102303.0390625
2806,73385.1875
2807,158688.90625
2808,155789.328125
2809,136330.90625
2810,128162.3984375
2811,164010.921875
2812,151762.0625
2813,143047.671875
2814,143247.875
2815,112528.671875
2816,242528.53125
2817,160199.421875
2818,131760
2819,167922.234375
2820,132723.53125
2821,110180.0078125
2822,209853.78125
2823,307254.4375
2824,190650.484375
2825,137393.515625
2826,140668.578125
2827,131667.296875
2828,226431.03125
2829,211073.078125
2830,215049.859375
2831,182648.171875
2832,245860.140625
2833,304986.53125
2834,201282.25
2835,209550.390625
2836,185374.359375
2837,173506.578125
2838,148302.1875
2839,167925.6875
2840,196868.921875
2841,199336.09375
2842,223159.671875
2843,154828.734375
2844,166017.15625
2845,127867.2578125
2846,208713.71875
2847,199250.109375
2848,225233.484375
2849,198561.53125
2850,281480.59375
2851,215969.359375
2852,220525.84375
2853,226688.859375
2854,138739.46875
2855,207030.125
2856,190418.90625
2857,182303.265625
2858,200470.140625
2859,110987.359375
2860,126388.5078125
2861,133719.28125
2862,181967.015625
2863,135298.09375
2864,243291.8125
2865,137980.953125
2866,136761.1875
2867,95742.21875
2868,96881.859375
2869,113168.3203125
2870,127590.828125
2871,87798.6953125
2872,27100.833984375
2873,103049.1171875
2874,131587.78125
2875,118497.3046875
2876,161014.453125
2877,137023.125
2878,171350.390625
2879,128598.296875
2880,89213.0078125
2881,169766.578125
2882,165495.53125
2883,193549.046875
2884,198026.25
2885,197485.671875
2886,222797.265625
2887,95884.5546875
2888,133782.71875
2889,45677.17578125
2890,82061.859375
2891,138872.265625
2892,44124.75
2893,104062.0234375
2894,60748.3203125
2895,338993.84375
2896,285957.6875
2897,214702.03125
2898,140619.71875
2899,212203.640625
2900,164860.078125
2901,212735.46875
2902,201709.921875
2903,348418.28125
2904,360933.78125
2905,63385.546875
2906,195444.421875
2907,107806.40625
2908,127821.765625
2909,142909.28125
2910,72104.3515625
2911,72819.1640625
2912,146874.1875
2913,78967.296875
2914,69945.4921875
2915,85053.765625
2916,76363.578125
2917,178815.78125
2918,107911.3046875
2919,214892.40625
